BORK BORK HD BORK

# BITSY VERSION 8.1

! VER_MAJ 8
! VER_MIN 1
! ROOM_FORMAT 1
! DLG_COMPAT 0
! TXT_MODE 0

PAL 0
220,255,104
110,168,62
159,10,237
NAME blueprint

ROOM 0
0,0,0,0,0,0,0,0,0,0,0,0,0,0,0,0
0,a,a,a,a,a,a,a,a,a,a,a,a,a,a,0
0,a,0,0,0,0,0,0,0,0,0,0,0,0,a,0
0,a,0,0,0,0,0,0,0,0,0,0,0,0,a,0
0,a,0,0,0,0,0,0,0,0,0,0,0,0,a,0
0,a,0,0,0,0,0,0,0,0,0,0,0,0,a,0
0,a,0,0,0,0,0,0,0,0,0,0,0,0,a,0
0,a,0,0,0,0,0,0,0,0,0,0,0,0,a,0
0,a,0,0,0,0,0,0,0,0,0,0,0,0,a,0
0,a,0,0,0,0,0,0,0,0,0,0,0,0,a,0
0,a,0,0,0,0,0,0,0,0,0,0,0,0,a,0
0,a,0,0,0,0,0,0,0,0,0,0,0,0,a,0
0,a,0,0,0,0,0,0,0,0,0,0,0,0,a,0
0,a,0,0,0,0,0,0,0,0,0,0,0,0,a,0
0,a,a,a,a,a,a,a,a,a,a,a,a,a,a,0
0,0,0,0,0,0,0,0,0,0,0,0,0,0,0,0
PAL 0

TIL a
0000000000000000
0111111111111110
0100000000000010
0101111111111010
0101000000001010
0101010000101010
0101001111001010
0101001001001010
0101001001001010
0101001111001010
0101010000101010
0101000000001010
0101111111111010
0100000000000010
0111111111111110
0000000000000000

SPR A
0000001110000000
0000001110000000
0000001110000000
0000111111000000
0001111001100000
0001111111110000
0011111111110000
0011111111111000
0011111111111100
0111111111101100
0110111111100000
0000111111100000
0000110001100000
0001100001100000
0001100001100000
0001100001100000
>
0000011100000000
0000011100000000
0000011100000000
0000111100000000
0001110011100000
0001111111110110
0001111111111110
0011111111011100
0011111111100000
0011011111100000
0011011111100000
0000011111100000
0000111001100000
0000110011100000
0001100011000000
0001100011000000
POS 0 5,5

SPR a
0000000000000000
0000000000000000
0000000000000000
0000000000000000
0010001000000000
0011011000001000
0011111000000100
0001101011000010
0011111011100010
0001110111110010
0010001111110010
0011111111110100
0011011110110100
0011011001111000
0100100011000000
0000000000000000
DLG SPR_0

SPR b
0000000010000000
0000000011000000
1111111111000000
1011111111000000
0111111011000000
1111110011000000
1111111111000000
0011111110000000
0000000000000000
0001011110001000
0010111111000100
0001111111000100
0001110111101100
0011101111111000
0111101111110000
1111001111110000
>
1110000000000000
0111110011110000
1111111111100000
0011111111000000
0001111011000000
0100110011000000
1111111111000000
0011111110000000
0000000000000000
0011011110000000
0000111111000000
0001111111000011
0011110111101100
1111101111111000
1111001111110000
0000001111110000
DLG SPR_1
POS 0 10,10

ITM 0
0000000000000000
0000000000000000
0000000000000000
0001111110000000
0010000001000000
0011111111100000
0011111110111000
0011111111011000
0011111111001100
0011111111001100
0011111111011000
0011111111111000
0011111110100000
0011111111000000
0001111110000000
0000000000000000
DLG ITM_0

DLG SPR_0
I'm a cat

DLG ITM_0
You found a nice warm cup of tea

DLG SPR_1
Borksy: I'm in HD!! (If by HD you mean 16x16 2-bit graphics!)

VAR a
42
